3 5 7 7 8
5 16 19 19 21
6 10 14 14 16
3 5 7 7 8
7 8 13 13 15
7 33 37 37 40
3 5 7 7 8
7 8 13 13 15
9 15 21 21 24
9 56 61 61 65
6 10 14 14 16
10 32 38 38 42
11 21 24 25 31
11 24 31 31 35
11 21 24 25 31
11 24 31 31 35
11 21 24 25 31
11 24 31 31 35
11 85 91 91 96
12 20 28 28 32
7 8 13 13 15
13 35 43 43 48
6 10 14 14 16
14 16 26 26 30
14 66 74 74 80
7 8 13 13 15
9 15 21 21 24
7 8 13 13 15
9 15 21 21 24
15 25 35 35 40
15 48 57 57 63
5 16 19 19 21
6 10 14 14 16
14 16 26 26 30
5 16 19 19 21
14 16 26 26 30
16 39 49 49 55
17 63 73 73 80
18 30 42 42 48
5 16 19 19 21
19 80 91 91 99
12 20 28 28 32
20 64 76 76 84
5 16 19 19 21
9 15 21 21 24
11 21 24 25 31
9 15 21 21 24
5 16 19 19 21
9 15 21 21 24
11 21 24 25 31
9 15 21 21 24
11 21 24 25 31
21 24 39 39 45
11 21 24 25 31
21 35 49 49 56
21 24 39 39 45
21 35 49 49 56
22 42 48 50 62
22 48 62 62 70
22 42 48 50 62
22 48 62 62 70
22 42 48 50 62
22 48 62 62 70
9 15 21 21 24
11 21 24 25 31
11 24 31 31 35
9 15 21 21 24
11 21 24 25 31
9 15 21 21 24
11 21 24 25 31
21 24 39 39 45
11 21 24 25 31
11 24 31 31 35
11 21 24 25 31
11 24 31 31 35
21 24 39 39 45
24 40 56 56 64
21 24 39 39 45
24 40 56 56 64
11 21 24 25 31
15 25 35 35 40
11 21 24 25 31
15 25 35 35 40
14 16 26 26 30
26 70 86 86 96
13 120 127 127 133
18 112 122 122 130
21 99 111 111 120
23 120 133 133 143
24 95 109 109 119
24 109 109 119 129
25 80 95 95 105
27 45 63 63 72
28 32 52 52 60
29 41 55 56 69
