3 5 7 8
7 8 13 15
13 120 127 133
23 120 133 143
120 611 679 731
161 304 409 465
323 392 407 645
323 392 645 713
245 632 817 873
32 45 67 77
32 175 193 207
55 57 97 112
57 65 73 112
75 112 163 187
112 725 787 837
377 400 673 777
217 600 733 817
305 759 949 1064
65 88 133 153
73 88 95 147
88 315 367 403
88 437 487 525
136 209 301 345
136 795 871 931
133 192 283 325
43 248 285 287
248 825 973 1073
35 288 307 323
105 247 313 352
123 352 427 475
23 385 397 408
247 408 485 637
115 333 403 448
448 495 817 943
329 351 589 680
427 680 967 1107
33 800 817 833
385 527 793 912
37 1008 1027 1045
9 56 61 65
56 115 151 171
56 165 199 221
56 559 589 615
37 323 343 360
360 767 997 1127
496 665 1009 1161
145 552 637 697
255 343 473 592
385 696 949 1081
319 441 661 760
59 840 871 899
5 16 19 21
16 39 49 55
104 105 181 209
104 451 511 555
104 621 679 725
184 425 541 609
240 287 457 527
240 253 427 493
240 539 691 779
384 805 1051 1189
189 440 559 629
41 399 421 440
43 440 463 483
27 533 547 560
429 560 859 989
65 1023 1057 1088
67 1088 1123 1155
259 885 1039 1144
549 595 991 1144
11 85 91 96
43 147 152 185
152 273 373 425
152 343 387 485
152 365 497 507
152 1003 1087 1155
200 513 637 713
21 320 331 341
320 583 793 903
285 464 469 691
464 561 889 1025
205 299 439 504
504 671 1021 1175
265 551 721 816
72 203 247 275
72 935 973 1007
69 91 139 160
87 160 217 247
119 145 229 264
264 325 511 589
297 368 577 665
185 231 361 416
235 416 571 651
25 456 469 481
147 377 437 520
147 520 607 667
129 391 469 520
341 520 751 861
217 425 608 633
135 473 553 608
245 459 619 704
295 704 889 999
31 705 721 736
231 689 829 920
39 1121 1141 1160
64 221 259 285
64 735 769 799
128 957 1027 1085
15 161 169 176
176 259 379 435
232 713 853 945
105 272 337 377
272 715 883 987
95 217 277 312
95 312 343 403
312 493 703 805
371 480 739 851
49 575 601 624
469 589 624 965
203 517 643 720
35 901 919 936
407 793 1057 1200
11 24 31 35
24 95 109 119
144 155 259 299
29 195 211 224
31 224 241 255
175 369 481 544
531 544 931 1075
275 301 499 576
53 675 703 728
55 728 757 783
57 673 715 728
165 728 823 893
403 725 728 1047
177 775 877 952
195 952 1063 1147
13 35 43 48
48 407 433 455
25 143 157 168
85 168 223 253
127 168 205 283
47 528 553 575
29 616 631 645
141 475 559 616
159 616 709 775
413 627 907 1040
7 33 37 40
40 77 103 117
40 51 79 91
40 279 301 319
19 261 271 280
93 187 247 280
111 221 280 331
111 280 349 391
280 423 613 703
403 477 763 880
17 63 73 80
19 80 91 99
80 357 403 437
17 208 217 225
97 185 208 273
208 387 523 595
49 285 296 331
296 315 361 559
215 336 481 551
336 589 811 925
155 637 727 792
165 667 763 832
183 832 937 1015
185 928 1033 1113
61 899 931 960
455 649 961 1104
